# radius [cm] surface density [g/cm^2]
1.496000000000000000e+13 1.096085274591790267e+03
1.504645172329585156e+13 1.089690662738466926e+03
1.513340303886849219e+13 1.083332800757875930e+03
1.522085683379100977e+13 1.077011477547061531e+03
1.530881601182046484e+13 1.070726483216267980e+03
1.539728349349432422e+13 1.064477609081970058e+03
1.548626221622743750e+13 1.058264647659943876e+03
1.557575513440953906e+13 1.052087392658379031e+03
1.566576521950338281e+13 1.045945638971026028e+03
1.575629546014337305e+13 1.039839182670389391e+03
1.584734886223481445e+13 1.033767821000953745e+03
1.593892844905371289e+13 1.027731352372453102e+03
1.603103726134716211e+13 1.021729576353176299e+03
1.612367835743429102e+13 1.015762293663312676e+03
1.621685481330783398e+13 1.009829306168335393e+03
1.631056972273624609e+13 1.003930416872421119e+03
1.640482619736643555e+13 9.980654299119106554e+02
1.649962736682707812e+13 9.922341505488046778e+02
1.659497637883253320e+13 9.864363851642972350e+02
1.669087639928734766e+13 9.806719412523484607e+02
1.678733061239138672e+13 9.749406274132910539e+02
1.688434222074555664e+13 9.692422533474755255e+02
1.698191444545814453e+13 9.635766298489512565e+02
1.708005052625176562e+13 9.579435687991848454e+02
1.717875372157092578e+13 9.523428831608132441e+02
1.727802730869023438e+13 9.467743869714329321e+02
1.737787458382318945e+13 9.412378953374269486e+02
1.747829886223165625e+13 9.357332244278234157e+02
1.757930347833592188e+13 9.302601914681929429e+02
1.768089178582541797e+13 9.248186147345797963e+02
1.778306715777007422e+13 9.194083135474669461e+02
1.788583298673230859e+13 9.140291082657786319e+02
1.798919268487968750e+13 9.086808202809130535e+02
1.809314968409820312e+13 9.033632720108138301e+02
1.819770743610622266e+13 8.980762868940734052e+02
1.830286941256913281e+13 8.928196893840682833e+02
1.840863910521455469e+13 8.875933049431336030e+02
1.851502002594832422e+13 8.823969600367647672e+02
1.862201570697107812e+13 8.772304821278572717e+02
1.872962970089554688e+13 8.720936996709764344e+02
1.883786558086450000e+13 8.669864421066622526e+02
1.894672694066939844e+13 8.619085398557659801e+02
1.905621739486971875e+13 8.568598243138187627e+02
1.916634057891296094e+13 8.518401278454340400e+02
1.927710014925535156e+13 8.468492837787412100e+02
1.938849978348327734e+13 8.418871263998507857e+02
1.950054318043537500e+13 8.369534909473520656e+02
1.961323406032533203e+13 8.320482136068438876e+02
1.972657616486543750e+13 8.271711315054927809e+02
1.984057325739080469e+13 8.223220827066265883e+02
1.995522912298432031e+13 8.175009062043575341e+02
2.007054756860233594e+13 8.127074419182349629e+02
2.018653242320107031e+13 8.079415306879308218e+02
2.030318753786372266e+13 8.032030142679545861e+02
2.042051678592837109e+13 7.984917353223992222e+02
2.053852406311656250e+13 7.938075374197157998e+02
2.065721328766266406e+13 7.891502650275207316e+02
2.077658840044397266e+13 7.845197635074301843e+02
2.089665336511155078e+13 7.799158791099260952e+02
2.101741216822183594e+13 7.753384589692510644e+02
2.113886881936902734e+13 7.707873510983312144e+02
2.126102735131817969e+13 7.662624043837319050e+02
2.138389182013914844e+13 7.617634685806374364e+02
2.150746630534122656e+13 7.572903943078645170e+02
2.163175491000861719e+13 7.528430330429002879e+02
2.175676176093667188e+13 7.484212371169717244e+02
2.188249100876890625e+13 7.440248597101423229e+02
2.200894682813481641e+13 7.396537548464365273e+02
2.213613341778849219e+13 7.353077773889926902e+02
2.226405500074803125e+13 7.309867830352440023e+02
2.239271582443574609e+13 7.266906283121275010e+02
2.252212016081921484e+13 7.224191705713188867e+02
2.265227230655310938e+13 7.181722679844964432e+02
2.278317658312185156e+13 7.139497795386324697e+02
2.291483733698311719e+13 7.097515650313094966e+02
2.304725893971214453e+13 7.055774850660660604e+02
2.318044578814689062e+13 7.014274010477671482e+02
2.331440230453401562e+13 6.973011751780029499e+02
2.344913293667570703e+13 6.931986704505127364e+02
2.358464215807737891e+13 6.891197506466360210e+02
2.372093446809621484e+13 6.850642803307883923e+02
2.385801439209052344e+13 6.810321248459658818e+02
2.399588648157003125e+13 6.770231503092721823e+02
2.413455531434699219e+13 6.730372236074741750e+02
2.427402549468819141e+13 6.690742123925811029e+02
2.441430165346781250e+13 6.651339850774508022e+02
2.455538844832122266e+13 6.612164108314188979e+02
2.469729056379958984e+13 6.573213595759559666e+02
2.484001271152544922e+13 6.534487019803473231e+02
2.498355963034912109e+13 6.495983094573995231e+02
2.512793608650609766e+13 6.457700541591689216e+02
2.527314687377524219e+13 6.419638089727183115e+02
2.541919681363800781e+13 6.381794475158949353e+02
2.556609075543850000e+13 6.344168441331339636e+02
2.571383357654450391e+13 6.306758738912860736e+02
2.586243018250940625e+13 6.269564125754701536e+02
2.601188550723510938e+13 6.232583366849463573e+02
2.616220451313583203e+13 6.195815234290173521e+02
2.631339219130288281e+13 6.159258507229493489e+02
2.646545356167037891e+13 6.122911971839198486e+02
2.661839367318192578e+13 6.086774421269852837e+02
2.677221760395825391e+13 6.050844655610751488e+02
2.692693046146585547e+13 6.015121481850060263e+02
2.708253738268652734e+13 5.979603713835215331e+02
2.723904353428796484e+13 5.944290172233527301e+02
2.739645411279530859e+13 5.909179684493021796e+02
2.755477434476367969e+13 5.874271084803506255e+02
2.771400948695172266e+13 5.839563214057853884e+02
2.787416482649614062e+13 5.805054919813518381e+02
2.803524568108726172e+13 5.770745056254263545e+02
2.819725739914558984e+13 5.736632484152111147e+02
2.836020535999938281e+13 5.702716070829524142e+02
2.852409497406329688e+13 5.668994690121776330e+02
2.868893168301799219e+13 5.635467222339572118e+02
2.885472095999084375e+13 5.602132554231855011e+02
2.902146830973764062e+13 5.568989578948852568e+02
2.918917926882538672e+13 5.536037196005306669e+02
2.935785940581612891e+13 5.503274311243939110e+02
2.952751432145182812e+13 5.470699836799120703e+02
2.969814964884035938e+13 5.438312691060738189e+02
2.986977105364251562e+13 5.406111798638286245e+02
3.004238423426016016e+13 5.374096090325149362e+02
3.021599492202539062e+13 5.342264503063104257e+02
3.039060888139087500e+13 5.310615979907013298e+02
3.056623191012125391e+13 5.279149469989727095e+02
3.074286983948559766e+13 5.247863928487192879e+02
3.092052853445107422e+13 5.216758316583755004e+02
3.109921389387766406e+13 5.185831601437657810e+02
3.127893185071402734e+13 5.155082756146749716e+02
3.145968837219448828e+13 5.124510759714385131e+02
3.164148946003717578e+13 5.094114597015514505e+02
3.182434115064330469e+13 5.063893258762973915e+02
3.200824951529759375e+13 5.033845741473979842e+02
3.219322066036985547e+13 5.003971047436792787e+02
3.237926072751775000e+13 4.974268184677591762e+02
3.256637589389071875e+13 4.944736166927531826e+02
3.275457237233505469e+13 4.915374013589996594e+02
3.294385641160022656e+13 4.886180749708026951e+02
3.313423429654633984e+13 4.857155405931949872e+02
3.332571234835282031e+13 4.828297018487185710e+02
3.351829692472828125e+13 4.799604629142247063e+02
3.371199442012164844e+13 4.771077285176912142e+02
3.390681126593445312e+13 4.742714039350590838e+02
3.410275393073439453e+13 4.714513949870864735e+02
3.429982892047011328e+13 4.686476080362214702e+02
3.449804277868718750e+13 4.658599499834924131e+02
3.469740208674544531e+13 4.630883282654161235e+02
3.489791346403742969e+13 4.603326508509242672e+02
3.509958356820825391e+13 4.575928262383064862e+02
3.530241909537658594e+13 4.548687634521725727e+02
3.550642678035704688e+13 4.521603720404303886e+02
3.571161339688377344e+13 4.494675620712829982e+02
3.591798575783535938e+13 4.467902441302410921e+02
3.612555071546107031e+13 4.441283293171542255e+02
3.633431516160834375e+13 4.414817292432585418e+02
3.654428602795164062e+13 4.388503560282407534e+02
3.675547028622255469e+13 4.362341222973205959e+02
3.696787494844135938e+13 4.336329411783485170e+02
3.718150706714979688e+13 4.310467262989207029e+02
3.739637373564525000e+13 4.284753917835108723e+02
3.761248208821625000e+13 4.259188522506182153e+02
3.782983930037939062e+13 4.233770228099318729e+02
3.804845258911754688e+13 4.208498190595117876e+02
3.826832921311953906e+13 4.183371570829852999e+02
3.848947647302107812e+13 4.158389534467611384e+02
3.871190171164726562e+13 4.133551251972572231e+02
3.893561231425632031e+13 4.108855898581469432e+02
3.916061570878483594e+13 4.084302654276193607e+02
3.938691936609439062e+13 4.059890703756558992e+02
3.961453080021963281e+13 4.035619236413227782e+02
3.984345756861772656e+13 4.011487446300791930e+02
4.007370727241933594e+13 3.987494532110997056e+02
4.030528755668097656e+13 3.963639697146138587e+02
4.053820611063885156e+13 3.939922149292600579e+02
4.077247066796419531e+13 3.916341100994544036e+02
4.100808900702000781e+13 3.892895769227754386e+02
4.124506895111936719e+13 3.869585375473635054e+02
4.148341836878517188e+13 3.846409145693347682e+02
4.172314517401139062e+13 3.823366310302110378e+02
4.196425732652584375e+13 3.800456104143633524e+02
4.220676283205450000e+13 3.777677766464706792e+02
4.245066974258727344e+13 3.755030540889933377e+02
4.269598615664540625e+13 3.732513675396609756e+02
4.294272021955034375e+13 3.710126422289745278e+02
4.319088012369417188e+13 3.687868038177232961e+02
4.344047410881166406e+13 3.665737783945155002e+02
4.369151046225388281e+13 3.643734924733232674e+02
4.394399751926327344e+13 3.621858729910427428e+02
4.419794366325050000e+13 3.600108473050661928e+02
4.445335732607275000e+13 3.578483431908701391e+02
4.471024698831374219e+13 3.556982888396158273e+02
4.496862117956526562e+13 3.535606128557648731e+02
4.522848847871042969e+13 3.514352442547068449e+02
4.548985751420849219e+13 3.493221124604025363e+02
4.575273696438135156e+13 3.472211473030388902e+02
4.601713555770171094e+13 3.451322790166990444e+02
4.628306207308285938e+13 3.430554382370444841e+02
4.655052534017021094e+13 3.409905559990110646e+02
4.681953423963444531e+13 3.389375637345186192e+02
4.709009770346635938e+13 3.368963932701931299e+02
4.736222471527349219e+13 3.348669768251020855e+02
4.763592431057835156e+13 3.328492470085034824e+02
4.791120557711846875e+13 3.308431368176070464e+02
4.818807765514812500e+13 3.288485796353481874e+02
4.846654973774182812e+13 3.268655092281759948e+02
4.874663107109957031e+13 3.248938597438524312e+02
4.902833095485382031e+13 3.229335657092652241e+02
4.931165874237831250e+13 3.209845620282526397e+02
4.959662384109860156e+13 3.190467839794414431e+02
4.988323571280441406e+13 3.171201672140969663e+02
5.017150387396384375e+13 3.152046477539848297e+02
5.046143789603928125e+13 3.133001619892467602e+02
5.075304740580526562e+13 3.114066466762864138e+02
5.104634208566808594e+13 3.095240389356691821e+02
5.134133167398730469e+13 3.076522762500329122e+02
5.163802596539907031e+13 3.057912964620114735e+02
5.193643481114135938e+13 3.039410377721693521e+02
5.223656811938104688e+13 3.021014387369490919e+02
5.253843585554291406e+13 3.002724382666297629e+02
5.284204804264052344e+13 2.984539756232975378e+02
5.314741476160899219e+13 2.966459904188279779e+02
5.345454615163976562e+13 2.948484226128797445e+02
5.376345241051722656e+13 2.930612125108999635e+02
5.407414379495731250e+13 2.912843007621408447e+02
5.438663062094806250e+13 2.895176283576882383e+02
5.470092326409217188e+13 2.877611366285006511e+02
5.501703215995144531e+13 2.860147672434605397e+02
5.533496780439335938e+13 2.842784622074360072e+02
5.565474075393949219e+13 2.825521638593540388e+02
5.597636162611609375e+13 2.808358148702847643e+02
5.629984109980656250e+13 2.791293582415366927e+02
5.662518991560607812e+13 2.774327373027630870e+02
5.695241887617819531e+13 2.757458957100784573e+02
5.728153884661353906e+13 2.740687774441871625e+02
5.761256075479053906e+13 2.724013268085216737e+02
5.794549559173829688e+13 2.707434884273922080e+02
5.828035441200153125e+13 2.690952072441464225e+02
5.861714833400757031e+13 2.674564285193404203e+02
5.895588854043560938e+13 2.658270978289193636e+02
5.929658627858792188e+13 2.642071610624096252e+02
5.963925286076339844e+13 2.625965644211200356e+02
5.998389966463304688e+13 2.609952544163551238e+02
6.033053813361785938e+13 2.594031778676368276e+02
6.067917977726875000e+13 2.578202819009375162e+02
6.102983617164866406e+13 2.562465139469235282e+02
6.138251895971700781e+13 2.546818217392073507e+02
6.173723985171619531e+13 2.531261533126113648e+02
6.209401062556044531e+13 2.515794570014407725e+02
6.245284312722692188e+13 2.500416814377663286e+02
6.281374927114900000e+13 2.485127755497176452e+02
6.317674104061184375e+13 2.469926885597858188e+02
6.354183048815039062e+13 2.454813699831354654e+02
6.390902973594940625e+13 2.439787696259275549e+02
6.427835097624610156e+13 2.424848375836505738e+02
6.464980647173488281e+13 2.409995242394623176e+02
6.502340855597449219e+13 2.395227802625409197e+02
6.539916963379763281e+13 2.380545566064446916e+02
6.577710218172272656e+13 2.365948045074825643e+02
6.615721874836825000e+13 2.351434754830929990e+02
6.653953195486938281e+13 2.337005213302324478e+02
6.692405449529703906e+13 2.322658941237734211e+02
6.731079913707938281e+13 2.308395462149111950e+02
6.769977872142572656e+13 2.294214302295801247e+02
6.809100616375292969e+13 2.280114990668787982e+02
6.848449445411421875e+13 2.266097058975043979e+02
6.888025665763046875e+13 2.252160041621961000e+02
6.927830591492410156e+13 2.238303475701869729e+02
6.967865544255527344e+13 2.224526900976656520e+02
7.008131853346078906e+13 2.210829859862459159e+02
7.048630855739548438e+13 2.197211897414455564e+02
7.089363896137609375e+13 2.183672561311739742e+02
7.130332327012776562e+13 2.170211401842284147e+02
7.171537508653307812e+13 2.156827971887988156e+02
7.212980809208381250e+13 2.143521826909811239e+02
7.254663604733512500e+13 2.130292524932993956e+02
7.296587279236245312e+13 2.117139626532364218e+02
7.338753224722112500e+13 2.104062694817722559e+02
7.381162841240842188e+13 2.091061295419321482e+02
7.423817536932857812e+13 2.078134996473415583e+02
7.466718728076026562e+13 2.065283368607906311e+02
7.509867839132682812e+13 2.052505984928061480e+02
7.553266302796926562e+13 2.039802421002321182e+02
7.596915560042200000e+13 2.027172254848181296e+02
7.640817060169117188e+13 2.014615066918164246e+02
7.684972260853606250e+13 2.002130440085861665e+02
7.729382628195290625e+13 1.989717959632067164e+02
7.774049636766179688e+13 1.977377213230979009e+02
7.818974769659621875e+13 1.965107790936490630e+02
7.864159518539559375e+13 1.952909285168552742e+02
7.909605383690040625e+13 1.940781290699620740e+02
7.955313874065050000e+13 1.928723404641172294e+02
8.001286507338600000e+13 1.916735226430309069e+02
8.047524809955128125e+13 1.904816357816431491e+02
8.094030317180176562e+13 1.892966402847993095e+02
8.140804573151371875e+13 1.881184967859325070e+02
8.187849130929692188e+13 1.869471661457545224e+02
8.235165552551035938e+13 1.857826094509533732e+02
8.282755409078085938e+13 1.846247880128989323e+02
8.330620280652471875e+13 1.834736633663558791e+02
8.378761756547242188e+13 1.823291972682035009e+02
8.427181435219626562e+13 1.811913516961637924e+02
8.475880924364114062e+13 1.800600888475360648e+02
8.524861840965832812e+13 1.789353711379391427e+02
8.574125811354235938e+13 1.778171612000609798e+02
8.623674471257110938e+13 1.767054218824146687e+02
8.673509465854878125e+13 1.756001162481028359e+02
8.723632449835228125e+13 1.745012075735878625e+02
8.774045087448051562e+13 1.734086593474701488e+02
8.824749052560710938e+13 1.723224352692726029e+02
8.875746028713604688e+13 1.712424992482328605e+02
8.927037709176076562e+13 1.701688154021017851e+02
8.978625797002634375e+13 1.691013480559491597e+02
9.030512005089496875e+13 1.680400617409763981e+02
9.082698056231465625e+13 1.669849211933356798e+02
9.135185683179131250e+13 1.659358913529561335e+02
9.187976628696404688e+13 1.648929373623766992e+02
9.241072645618382812e+13 1.638560245655856136e+02
9.294475496909550000e+13 1.628251185068666018e+02
9.348186955722309375e+13 1.618001849296518344e+02
9.402208805455864062e+13 1.607811897753811365e+02
9.456542839815428125e+13 1.597680991823679904e+02
9.511190862871785938e+13 1.587608794846719604e+02
9.566154689121184375e+13 1.577594972109778269e+02
9.621436143545596875e+13 1.567639190834803742e+02
9.677037061673303125e+13 1.557741120167767974e+02
9.732959289639845312e+13 1.547900431167642523e+02
9.789204684249318750e+13 1.538116796795444827e+02
9.845775113036026562e+13 1.528389891903344733e+02
9.902672454326490625e+13 1.518719393223834402e+02
9.959898597301817188e+13 1.509104979358957053e+02
1.001745544206041719e+14 1.499546330769604197e+02
1.007534489968110781e+14 1.490043129764865739e+02
1.013356889228655312e+14 1.480595060491448010e+02
1.019212935310710156e+14 1.471201808923148349e+02
1.025102822654495781e+14 1.461863062850393078e+02
1.031026746823875625e+14 1.452578511869832312e+02
1.036984904512848750e+14 1.443347847373996444e+02
1.042977493552081250e+14 1.434170762541010617e+02
1.049004712915474375e+14 1.425046952324370011e+02
1.055066762726772031e+14 1.415976113442770554e+02
1.061163844266204062e+14 1.406957944370001599e+02
1.067296159977170781e+14 1.397992145324894011e+02
1.073463913472964219e+14 1.389078418261324828e+02
1.079667309543528750e+14 1.380216466858283297e+02
1.085906554162260781e+14 1.371405996509989507e+02
1.092181854492848125e+14 1.362646714316070700e+02
1.098493418896147812e+14 1.353938329071796431e+02
1.104841456937105156e+14 1.345280551258364881e+02
1.111226179391711406e+14 1.336673093033249700e+02
1.117647798254002656e+14 1.328115668220598025e+02
1.124106526743098281e+14 1.319607992301685897e+02
1.130602579310281094e+14 1.311149782405427402e+02
1.137136171646117188e+14 1.302740757298937524e+02
1.143707520687617969e+14 1.294380637378150709e+02
1.150316844625443438e+14 1.286069144658490870e+02
1.156964362911146250e+14 1.277806002765596247e+02
1.163650296264458594e+14 1.269590936926096703e+02
1.170374866680621094e+14 1.261423673958443601e+02
1.177138297437752812e+14 1.253303942263792976e+02
1.183940813104265781e+14 1.245231471816939290e+02
1.190782639546321562e+14 1.237205994157301774e+02
1.197664003935329688e+14 1.229227242379963769e+02
1.204585134755491250e+14 1.221294951126759116e+02
1.211546261811385312e+14 1.213408856577414809e+02
1.218547616235599062e+14 1.205568696440739132e+02
1.225589430496402500e+14 1.197774209945863220e+02
1.232671938405466094e+14 1.190025137833532796e+02
1.239795375125625938e+14 1.182321222347446792e+02
1.246959977178689688e+14 1.174662207225648984e+02
1.254165982453292031e+14 1.167047837691965242e+02
1.261413630212792031e+14 1.159477860447491651e+02
1.268703161103217969e+14 1.151952023662131950e+02
1.276034817161257031e+14 1.144470076966180869e+02
1.283408841822292969e+14 1.137031771441956494e+02
1.290825479928487344e+14 1.129636859615481654e+02
1.298284977736910312e+14 1.122285095448209660e+02
1.305787582927717344e+14 1.114976234328800189e+02
1.313333544612371406e+14 1.107710033064941655e+02
1.320923113341915781e+14 1.100486249875216771e+02
1.328556541115293281e+14 1.093304644381019273e+02
1.336234081387712500e+14 1.086164977598512991e+02
1.343955989079063906e+14 1.079067011930638245e+02
1.351722520582383750e+14 1.072010511159164565e+02
1.359533933772367344e+14 1.064995240436785480e+02
1.367390488013932031e+14 1.058020966279261756e+02
1.375292444170827656e+14 1.051087456557607425e+02
1.383240064614298750e+14 1.044194480490321268e+02
1.391233613231796719e+14 1.037341808635660243e+02
1.399273355435740625e+14 1.030529212883959929e+02
1.407359558172330781e+14 1.023756466449996481e+02
1.415492489930411250e+14 1.017023343865392349e+02
1.423672420750385625e+14 1.010329620971065339e+02
1.431899622233182812e+14 1.003675074909721019e+02
1.440174367549274688e+14 9.970594841183861945e+01
1.448496931447746875e+14 9.904826283209862936e+01
1.456867590265421250e+14 9.839442885209642498e+01
1.465286621936030625e+14 9.774442469939413058e+01
1.473754305999448438e+14 9.709822872804188876e+01
1.482270923610967812e+14 9.645581941785235358e+01
1.490836757550640000e+14 9.581717537367896398e+01
1.499452092232662812e+14 9.518227532469865082e+01
1.508117213714820625e+14 9.455109812369853728e+01
1.516832409707987812e+14 9.392362274636640507e+01
1.525597969585678438e+14 9.329982829058548077e+01
1.534414184393655312e+14 9.267969397573313017e+01
1.543281346859592812e+14 9.206319914198341792e+01
1.552199751402798125e+14 9.145032324961373149e+01
1.561169694143985312e+14 9.084104587831527056e+01
1.570191472915108750e+14 9.023534672650737321e+01
1.579265387269250312e+14 8.963320561065592074e+01
1.588391738490568125e+14 8.903460246459522409e+01
1.597570829604298125e+14 8.843951733885417354e+01
1.606802965386816250e+14 8.784793039998584163e+01
1.616088452375758438e+14 8.725982192990100828e+01
1.625427598880197500e+14 8.667517232520553705e+01
1.634820714990881250e+14 8.609396209654121890e+01
1.644268112590527812e+14 8.551617186793060910e+01
1.653770105364182188e+14 8.494178237612536009e+01
1.663327008809629375e+14 8.437077446995840546e+01
1.672939140247873125e+14 8.380312910969946927e+01
1.682606818833669062e+14 8.323882736641469648e+01
1.692330365566123438e+14 8.267785042132935303e+01
1.702110103299350938e+14 8.212017956519441952e+01
1.711946356753195312e+14 8.156579619765668099e+01
1.721839452524008438e+14 8.101468182663248285e+01
1.731789719095497812e+14 8.046681806768455658e+01
1.741797486849631562e+14 7.992218664340295220e+01
1.751863088077608438e+14 7.938076938278889827e+01
1.761986856990890625e+14 7.884254822064256985e+01
1.772169129732300625e+14 7.830750519695391176e+01
1.782410244387184688e+14 7.777562245629708571e+01
1.792710540994634688e+14 7.724688224722819996e+01
1.803070361558780625e+14 7.672126692168659190e+01
1.813490050060146250e+14 7.619875893439922265e+01
1.823969952467069688e+14 7.567934084228849656e+01
1.834510416747191562e+14 7.516299530388342021e+01
1.845111792879008750e+14 7.464970507873400152e+01
1.855774432863493125e+14 7.413945302682903105e+01
1.866498690735781250e+14 7.363222210801689016e+01
1.877284922576928125e+14 7.312799538142979827e+01
1.888133486525730938e+14 7.262675600491118644e+01
1.899044742790620625e+14 7.212848723444615473e+01
1.910019053661621562e+14 7.163317242359534021e+01
1.921056783522380625e+14 7.114079502293174073e+01
1.932158298862266562e+14 7.065133857948066520e+01
1.943323968288538125e+14 7.016478673616293804e+01
1.954554162538582812e+14 6.968112323124111640e+01
1.965849254492228750e+14 6.920033189776860638e+01
1.977209619184121250e+14 6.872239666304233197e+01
1.988635633816180000e+14 6.824730154805772031e+01
2.000127677770120000e+14 6.777503066696739609e+01
2.011686132620050000e+14 6.730556822654239113e+01
2.023311382145141562e+14 6.683889852563662259e+01
2.035003812342371250e+14 6.637500595465414222e+01
2.046763811439337812e+14 6.591387499501949776e+01
2.058591769907153125e+14 6.545549021865078032e+01
2.070488080473405000e+14 6.499983628743588326e+01
2.082453138135199062e+14 6.454689795271144703e+01
2.094487340172273750e+14 6.409666005474466033e+01
2.106591086160190625e+14 6.364910752221798873e+01
2.118764777983601250e+14 6.320422537171685917e+01
2.131008819849592812e+14 6.276199870721983132e+01
2.143323618301107188e+14 6.232241271959190243e+01
2.155709582230440625e+14 6.188545268608039152e+01
2.168167122892820000e+14 6.145110396981370116e+01
2.180696653920058438e+14 6.101935201930270125e+01
2.193298591334288750e+14 6.059018236794502599e+01
2.205973353561776250e+14 6.016358063353190744e+01
2.218721361446812188e+14 5.973953251775783002e+01
2.231543038265688750e+14 5.931802380573276423e+01
2.244438809740750625e+14 5.889904036549714306e+01
2.257409104054532188e+14 5.848256814753946031e+01
2.270454351863974375e+14 5.806859318431646955e+01
2.283574986314723438e+14 5.765710158977606881e+01
2.296771443055512500e+14 5.724807955888268651e+01
2.310044160252627812e+14 5.684151336714532476e+01
2.323393578604456250e+14 5.643738937014813217e+01
2.336820141356118438e+14 5.603569400308349913e+01
2.350324294314185938e+14 5.563641378028781048e+01
2.363906485861483125e+14 5.523953529477950042e+01
2.377567166971975000e+14 5.484504521779984287e+01
2.391306791225742500e+14 5.445293029835600152e+01
2.405125814824040312e+14 5.406317736276676555e+01
2.419024696604445938e+14 5.367577331421056641e+01
2.433003898056095312e+14 5.329070513227602390e+01
2.447063883335004062e+14 5.290795987251485855e+01
2.461205119279479062e+14 5.252752466599731207e+01
2.475428075425620312e+14 5.214938671886982746e+01
2.489733224022911875e+14 5.177353331191513064e+01
2.504121040049898125e+14 5.139995180011484877e+01
2.518592001229958438e+14 5.102862961221421756e+01
2.533146588047169688e+14 5.065955425028919734e+01
2.547785283762255000e+14 5.029271328931615415e+01
2.562508574428635625e+14 4.992809437674335982e+01
2.577316948908565312e+14 4.956568523206529164e+01
2.592210898889364062e+14 4.920547364639882915e+01
2.607190918899742812e+14 4.884744748206187381e+01
2.622257506326225312e+14 4.849159467215418573e+01
2.637411161429660000e+14 4.813790322014049394e+01
2.652652387361832500e+14 4.778636119943571714e+01
2.667981690182172188e+14 4.743695675299242254e+01
2.683399578874553438e+14 4.708967809289057271e+01
2.698906565364196562e+14 4.674451349992929750e+01
2.714503164534665938e+14 4.640145132322090404e+01
2.730189894244963750e+14 4.606047997978704700e+01
2.745967275346727812e+14 4.572158795415693788e+01
2.761835831701523125e+14 4.538476379796777138e+01
2.777796090198235938e+14 4.504999612956722643e+01
2.793848580770569688e+14 4.471727363361801366e+01
2.809993836414639375e+14 4.438658506070455445e+01
2.826232393206668750e+14 4.405791922694169926e+01
2.842564790320791250e+14 4.373126501358543550e+01
2.858991570046950625e+14 4.340661136664579089e+01
2.875513277808906250e+14 4.308394729650161992e+01
2.892130462182347500e+14 4.276326187751733698e+01
2.908843674913101875e+14 4.244454424766194478e+01
2.925653470935460000e+14 4.212778360812966838e+01
2.942560408390596875e+14 4.181296922296289864e+01
2.959565048645109375e+14 4.150009041867675563e+01
2.976667956309651250e+14 4.118913658388593291e+01
2.993869699257679375e+14 4.088009716893329681e+01
3.011170848644314375e+14 4.057296168552034743e+01
3.028571978925298750e+14 4.026771970633975428e+01
3.046073667876075000e+14 3.996436086470964000e+01
3.063676496610967500e+14 3.966287485420987480e+01
3.081381049602479375e+14 3.936325142832009050e+01
3.099187914700695000e+14 3.906548040005974087e+01
3.117097683152803750e+14 3.876955164162981049e+01
3.135110949622727500e+14 3.847545508405652726e+01
3.153228312210867500e+14 3.818318071683675186e+01
3.171450372473962500e+14 3.789271858758532119e+01
3.189777735445061250e+14 3.760405880168406867e+01
3.208211009653614375e+14 3.731719152193272038e+01
3.226750807145678750e+14 3.703210696820145387e+01
3.245397743504235625e+14 3.674879541708540387e+01
3.264152437869637500e+14 3.646724720156069566e+01
3.283015512960157500e+14 3.618745271064243241e+01
3.301987595092671875e+14 3.590940238904425996e+01
3.321069314203452500e+14 3.563308673683968664e+01
3.340261303869084375e+14 3.535849630912519359e+01
3.359564201327501875e+14 3.508562171568489418e+01
3.378978647499146875e+14 3.481445362065701943e+01
3.398505287008250000e+14 3.454498274220200926e+01
3.418144768204233750e+14 3.427719985217223098e+01
3.437897743183241250e+14 3.401109577578343135e+01
3.457764867809785625e+14 3.374666139128779463e+01
3.477746801738529375e+14 3.348388762964858500e+01
3.497844208436184375e+14 3.322276547421651571e+01
3.518057755203545625e+14 3.296328596040758896e+01
3.538388113197641250e+14 3.270544017538270509e+01
3.558835957454024375e+14 3.244921925772865023e+01
3.579401966909180625e+14 3.219461439714087447e+01
3.600086824423074375e+14 3.194161683410771602e+01
3.620891216801821875e+14 3.169021785959617432e+01
3.641815834820493125e+14 3.144040881473931393e+01
3.662861373246051250e+14 3.119218109052511778e+01
3.684028530860418125e+14 3.094552612748694997e+01
3.705318010483677500e+14 3.070043541539546439e+01
3.726730518997411250e+14 3.045690049295209789e+01
3.748266767368171250e+14 3.021491294748393486e+01
3.769927470671081875e+14 2.997446441464025924e+01
3.791713348113587500e+14 2.973554657809037849e+01
3.813625123059328750e+14 2.949815116922308533e+01
3.835663523052165000e+14 2.926226996684742687e+01
3.857829279840326250e+14 2.902789479689509733e+01
3.880123129400713125e+14 2.879501753212411330e+01
3.902545811963331875e+14 2.856363009182402735e+01
3.925098072035873750e+14 2.833372444152253067e+01
3.947780658428435625e+14 2.810529259269343783e+01
3.970594324278379375e+14 2.787832660246616356e+01
3.993539827075343750e+14 2.765281857333650706e+01
4.016617928686391875e+14 2.742876065287887144e+01
4.039829395381308125e+14 2.720614503345987600e+01
4.063174997858042500e+14 2.698496395195330066e+01
4.086655511268299375e+14 2.676520968945641954e+01
4.110271715243273750e+14 2.654687457100769166e+01
4.134024393919542500e+14 2.632995096530573775e+01
4.157914335965091875e+14 2.611443128442984118e+01
4.181942334605513125e+14 2.590030798356147201e+01
4.206109187650333750e+14 2.568757356070743469e+01
4.230415697519510625e+14 2.547622055642415262e+01
4.254862671270070000e+14 2.526624155354332757e+01
4.279450920622910000e+14 2.505762917689884617e+01
4.304181261989745625e+14 2.485037609305505057e+01
4.329054516500221250e+14 2.464447501003622065e+01
4.354071510029173750e+14 2.443991867705737064e+01
4.379233073224052500e+14 2.423669988425632127e+01
4.404540041532501875e+14 2.403481146242697264e+01
4.429993255230099375e+14 2.383424628275393431e+01
4.455593559448256875e+14 2.363499725654826378e+01
4.481341804202280625e+14 2.343705733498460120e+01
4.507238844419595000e+14 2.324041950883939478e+01
4.533285539968128750e+14 2.304507680823042648e+01
4.559482755684866875e+14 2.285102230235754561e+01
4.585831361404563750e+14 2.265824909924459618e+01
4.612332231988626875e+14 2.246675034548255212e+01
4.638986247354162500e+14 2.227651922597388889e+01
4.665794292503194375e+14 2.208754896367805998e+01
4.692757257552046875e+14 2.189983281935827009e+01
4.719876037760903125e+14 2.171336409132928935e+01
4.747151533563524375e+14 2.152813611520658910e+01
4.774584650597154375e+14 2.134414226365653633e+01
4.802176299732584375e+14 2.116137594614777129e+01
4.829927397104401250e+14 2.097983060870375382e+01
4.857838864141400625e+14 2.079949973365646443e+01
4.885911627597188125e+14 2.062037683940120658e+01
4.914146619580945625e+14 2.044245548015258507e+01
4.942544777588381875e+14 2.026572924570159273e+01
4.971107044532861250e+14 2.009019176117383054e+01
4.999834368776712500e+14 1.991583668678881835e+01
5.028727704162713125e+14 1.974265771762048516e+01
5.057788010045764375e+14 1.957064858335869317e+01
5.087016251324744375e+14 1.939980304807188460e+01
5.116413398474545625e+14 1.923011490997087236e+01
5.145980427578294375e+14 1.906157800117366818e+01
5.175718320359770000e+14 1.889418618747138368e+01
5.205628064215986250e+14 1.872793336809532150e+01
5.235710652249991250e+14 1.856281347548498672e+01
5.265967083303831875e+14 1.839882047505731677e+01
5.296398361991721250e+14 1.823594836497688121e+01
5.327005498733400000e+14 1.807419117592718294e+01
5.357789509787676250e+14 1.791354297088303227e+01
5.388751417286176875e+14 1.775399784488394062e+01
5.419892249267282500e+14 1.759554992480860136e+01
5.451213039710263125e+14 1.743819336915037255e+01
5.482714828569604375e+14 1.728192236779387869e+01
5.514398661809548125e+14 1.712673114179252920e+01
5.546265591438810625e+14 1.697261394314721272e+01
5.578316675545519375e+14 1.681956505458592233e+01
5.610552978332343750e+14 1.666757878934444648e+01
5.642975570151828750e+14 1.651664949094806545e+01
5.675585527541935000e+14 1.636677153299430287e+01
5.708383933261787500e+14 1.621793931893663654e+01
5.741371876327617500e+14 1.607014728186930697e+01
5.774550452048931250e+14 1.592338988431304259e+01
5.807920762064871250e+14 1.577766161800186495e+01
5.841483914380797500e+14 1.563295700367085672e+01
5.875241023405076250e+14 1.548927059084495816e+01
5.909193209986082500e+14 1.534659695762873532e+01
5.943341601449412500e+14 1.520493071049718559e+01
5.977687331635323750e+14 1.506426648408747582e+01
6.012231540936372500e+14 1.492459894099173390e+01
6.046975376335276250e+14 1.478592277155082257e+01
6.081919991443015000e+14 1.464823269364901215e+01
6.117066546537115000e+14 1.451152345250977760e+01
6.152416208600183750e+14 1.437578982049248211e+01
6.187970151358660000e+14 1.424102659689003936e+01
6.223729555321777500e+14 1.410722860772762388e+01
6.259695607820767500e+14 1.397439070556229623e+01
6.295869503048278750e+14 1.384250776928362825e+01
6.332252442098032500e+14 1.371157470391529287e+01
6.368845633004698750e+14 1.358158644041764340e+01
6.405650290784011250e+14 1.345253793549122889e+01
6.442667637473103750e+14 1.332442417138134516e+01
6.479898902171095000e+14 1.319724015568345088e+01
6.517345321079891250e+14 1.307098092114967436e+01
6.555008137545232500e+14 1.294564152549619962e+01
6.592888602097978750e+14 1.282121705121164545e+01
6.630987972495636250e+14 1.269770260536639128e+01
6.669307513764105000e+14 1.257509331942293684e+01
6.707848498239697500e+14 1.245338434904712699e+01
6.746612205611376250e+14 1.233257087392041562e+01
6.785599922963241250e+14 1.221264809755306047e+01
6.824812944817276250e+14 1.209361124709828594e+01
6.864252573176320000e+14 1.197545557316741771e+01
6.903920117567300000e+14 1.185817634964597644e+01
6.943816895084718750e+14 1.174176887351072196e+01
6.983944230434377500e+14 1.162622846464769566e+01
7.024303455977370000e+14 1.151155046567117424e+01
7.064895911774312500e+14 1.139773024174364835e+01
7.105722945629840000e+14 1.128476318039673032e+01
7.146785913137363750e+14 1.117264469135302463e+01
7.188086177724076250e+14 1.106137020634897716e+01
7.229625110696223750e+14 1.095093517895870505e+01
7.271404091284636250e+14 1.084133508441875726e+01
7.313424506690521250e+14 1.073256541945389841e+01
7.355687752131531250e+14 1.062462170210380208e+01
7.398195230888078750e+14 1.051749947155077436e+01
7.440948354349937500e+14 1.041119428794839585e+01
7.483948542063103750e+14 1.030570173225119746e+01
7.527197221776928750e+14 1.020101740604525453e+01
7.570695829491525000e+14 1.009713693137980606e+01
7.614445809505445000e+14 9.994055950599827653e+00
7.658448614463640000e+14 9.891770126179595835e+00
7.702705705405692500e+14 9.790275140557220368e+00
7.747218551814321250e+14 9.689566695970206922e+00
7.791988631664183750e+14 9.589640514291934537e+00
7.837017431470937500e+14 9.490492336869216672e+00
7.882306446340608750e+14 9.392117924360759318e+00
7.927857180019227500e+14 9.294513056576679588e+00
7.973671144942760000e+14 9.197673532319017298e+00
8.019749862287323750e+14 9.101595169223198667e+00
8.066094862019703750e+14 9.006273803600562289e+00
8.112707682948140000e+14 8.911705290281860314e+00
8.159589872773431250e+14 8.817885502461772163e+00
8.206742988140318750e+14 8.724810331544436082e+00
8.254168594689172500e+14 8.632475686989987906e+00
8.301868267107980000e+14 8.540877496162124771e+00
8.349843589184626250e+14 8.450011704176690230e+00
8.398096153859480000e+14 8.359874273751287888e+00
8.446627563278290000e+14 8.270461185055907549e+00
8.495439428845377500e+14 8.181768435564610087e+00
8.544533371277142500e+14 8.093792039908219493e+00
8.593911020655872500e+14 8.006528029728077200e+00
8.643574016483873750e+14 7.919972453530833789e+00
8.693524007737901250e+14 7.834121376544273652e+00
8.743762652923917500e+14 7.748970880574214348e+00
8.794291620132151250e+14 7.664517063862450463e+00
8.845112587092490000e+14 7.580756040945748175e+00
8.896227241230187500e+14 7.497683942515918076e+00
8.947637279721888750e+14 7.415296915280943146e+00
8.999344409551977500e+14 7.333591121827208958e+00
9.051350347569267500e+14 7.252562740482749959e+00
9.103656820543990000e+14 7.172207965181652156e+00
9.156265565225142500e+14 7.092523005329481656e+00
9.209178328398148750e+14 7.013504085669832300e+00
9.262396866942855000e+14 6.935147446151974648e+00
9.315922947891872500e+14 6.857449341799576104e+00
9.369758348489238750e+14 6.780406042580553461e+00
9.423904856249437500e+14 6.704013833278021472e+00
9.478364269016743750e+14 6.628269013362364959e+00
9.533138395024918750e+14 6.553167896864420250e+00
9.588229052957255000e+14 6.478706812249786395e+00
9.643638072006952500e+14 6.404882102294269686e+00
9.699367291937867500e+14 6.331690123960453498e+00
9.755418563145582500e+14 6.259127248275430766e+00
9.811793746718862500e+14 6.187189860209638681e+00
9.868494714501435000e+14 6.115874358556896873e+00
9.925523349154152500e+14 6.045177155815558478e+00
9.982881544217492500e+14 5.975094678070853149e+00
1.004057120417444000e+15 5.905623364878372250e+00
1.009859424451371500e+15 5.836759669148740670e+00
1.015695259179337875e+15 5.768500057033463690e+00
1.021564818370479625e+15 5.700841007811963124e+00
1.027468296913697375e+15 5.633779013779784961e+00
1.033405890824128000e+15 5.567310580138010501e+00
1.039377797249651375e+15 5.501432224883877176e+00
1.045384214477437250e+15 5.436140478702590428e+00
1.051425341940528875e+15 5.371431884860352390e+00
1.057501380224465250e+15 5.307302999098596707e+00
1.063612531073940250e+15 5.243750389529471256e+00
1.069758997399502000e+15 5.180770636532518125e+00
1.075940983284290000e+15 5.118360332652601485e+00
1.082158693990811250e+15 5.056516082499083353e+00
1.088412335967755875e+15 4.995234502646216157e+00
1.094702116856851625e+15 4.934512221534813392e+00
1.101028245499758750e+15 4.874345879375161061e+00
1.107390931945003500e+15 4.814732128051192106e+00
1.113790387454952875e+15 4.755667631025931819e+00
1.120226824512829375e+15 4.697149063248206247e+00
1.126700456829766000e+15 4.639173111060636678e+00
1.133211499351902000e+15 4.581736472108912217e+00
1.139760168267520000e+15 4.524835855252355543e+00
1.146346681014224250e+15 4.468467980475773871e+00
1.152971256286160000e+15 4.412629578802616415e+00
1.159634114041275000e+15 4.357317392209432150e+00
1.166335475508623000e+15 4.302528173541642076e+00
1.173075563195708750e+15 4.248258686430617992e+00
1.179854600895877000e+15 4.194505705212085545e+00
1.186672813695742500e+15 4.141266014845853327e+00
1.193530427982663000e+15 4.088536410836872470e+00
1.200427671452257500e+15 4.036313699157625834e+00
1.207364773115965750e+15 3.984594696171855688e+00
1.214341963308651250e+15 3.933376228559657406e+00
1.221359473696251500e+15 3.882655133243876566e+00
1.228417537283467750e+15 3.832428257317912479e+00
1.235516388421502500e+15 3.782692457974845102e+00
1.242656262815841000e+15 3.733444602437932414e+00
1.249837397534077000e+15 3.684681567892480025e+00
1.257060031013784250e+15 3.636400241419080803e+00
1.264324403070433750e+15 3.588597519928219182e+00
1.271630754905355750e+15 3.541270310096274354e+00
1.278979329113749500e+15 3.494415528302884599e+00
1.286370369692737250e+15 3.448030100569712264e+00
1.293804122049465500e+15 3.402110962500602742e+00
1.301280833009255000e+15 3.356655059223119242e+00
1.308800750823794500e+15 3.311659345331487536e+00
1.316364125179384000e+15 3.267120784830950697e+00
1.323971207205225750e+15 3.223036351083500062e+00
1.331622249481761750e+15 3.179403026755039718e+00
1.339317506049060750e+15 3.136217803763942324e+00
1.347057232415253500e+15 3.093477683231026454e+00
1.354841685565015250e+15 3.051179675430948368e+00
1.362671123968100250e+15 3.009320799744994002e+00
1.370545807587922000e+15 2.967898084615317789e+00
1.378465997890186750e+15 2.926908567500571934e+00
1.386431957851573000e+15 2.886349294832985191e+00
1.394443951968465250e+15 2.846217321976836523e+00
1.402502246265734500e+15 2.806509713188382715e+00
1.410607108305572250e+15 2.767223541577188861e+00
1.418758807196374000e+15 2.728355889068899476e+00
1.426957613601674250e+15 2.689903846369432472e+00
1.435203799749134000e+15 2.651864512930598217e+00
1.443497639439579500e+15 2.614234996917152110e+00
1.451839408056093000e+15 2.577012415175275351e+00
1.460229382573157000e+15 2.540193893202477682e+00
1.468667841565849750e+15 2.503776565118933206e+00
1.477155065219096000e+15 2.467757573640246171e+00
1.485691335336969250e+15 2.432134070051632513e+00
1.494276935352049250e+15 2.396903214183535358e+00
1.502912150334832500e+15 2.362062174388660729e+00
1.511597267003196000e+15 2.327608127520442327e+00
1.520332573731920750e+15 2.293538258912903860e+00
1.529118360562264250e+15 2.259849762361965109e+00
1.537954919211591500e+15 2.226539840108150869e+00
1.546842543083060250e+15 2.193605702820713432e+00
1.555781527275364000e+15 2.161044569583162822e+00
1.564772168592530000e+15 2.128853667880202583e+00
1.573814765553774000e+15 2.097030233586074655e+00
1.582909618403411500e+15 2.065571510954292034e+00
1.592057029120828000e+15 2.034474752608774306e+00
1.601257301430505000e+15 2.003737219536366521e+00
1.610510740812104500e+15 1.973356181080746063e+00
1.619817654510612750e+15 1.943328914937704432e+00
1.629178351546541000e+15 1.913652707151810128e+00
1.638593142726186000e+15 1.884324852114433790e+00
1.648062340651950750e+15 1.855342652563132688e+00
1.657586259732723000e+15 1.826703419582399679e+00
1.667165216194315000e+15 1.798404472605749094e+00
1.676799528089963250e+15 1.770443139419154432e+00
1.686489515310888750e+15 1.742816756165811221e+00
1.696235499596918750e+15 1.715522667352230357e+00
1.706037804547169500e+15 1.688558225855646411e+00
1.715896755630790500e+15 1.661920792932738200e+00
1.725812680197772000e+15 1.635607738229643227e+00
1.735785907489812500e+15 1.609616439793270404e+00
1.745816768651252500e+15 1.583944284083885545e+00
1.755905596740069000e+15 1.558588665988974276e+00
1.766052726738933000e+15 1.533546988838362601e+00
1.776258495566333750e+15 1.508816664420585818e+00
1.786523242087764500e+15 1.484395113000497979e+00
1.796847307126974250e+15 1.460279763338107495e+00
1.807231033477284000e+15 1.436468052708627097e+00
1.817674765912969250e+15 1.412957426923726389e+00
1.828178851200707250e+15 1.389745340353975678e+00
1.838743638111090000e+15 1.366829255952465516e+00
1.849369477430206500e+15 1.344206645279587109e+00
1.860056721971288500e+15 1.321874988528966677e+00
1.870805726586425500e+15 1.299831774554531361e+00
1.881616848178346750e+15 1.278074500898699783e+00
1.892490445712272000e+15 1.256600673821670400e+00
1.903426880227830750e+15 1.235407808331806079e+00
1.914426514851048750e+15 1.214493428217093163e+00
1.925489714806405750e+15 1.193855066077653682e+00
1.936616847428962500e+15 1.173490263359301400e+00
1.947808282176556750e+15 1.153396570388123266e+00
1.959064390642070750e+15 1.133571546406063169e+00
1.970385546565770250e+15 1.114012759607498460e+00
1.981772125847712000e+15 1.094717787176788137e+00
1.993224506560226250e+15 1.075684215326767168e+00
2.004743068960470250e+15 1.056909639338177387e+00
2.016328195503053500e+15 1.038391663600014114e+00
2.027980270852736000e+15 1.020127901650761837e+00
2.039699681897201500e+15 1.002115976220505411e+00
2.051486817759902750e+15 9.843535192738948059e-01
2.063342069812981750e+15 9.668381720539409585e-01
2.075265831690264750e+15 9.495675851266213163e-01
2.087258499300333250e+15 9.325394184262754127e-01
2.099320470839666250e+15 9.157513413017680515e-01
2.111452146805865750e+15 8.992010325633937873e-01
2.123653930010951750e+15 8.828861805305037169e-01
2.135926225594738750e+15 8.668044830798318223e-01
2.148269441038286250e+15 8.509536476944946637e-01
2.160683986177428500e+15 8.353313915136428847e-01
2.173170273216384750e+15 8.199354413827332211e-01
2.185728716741443000e+15 8.047635339044114655e-01
2.198359733734726750e+15 7.898134154899641990e-01
2.211063743588040250e+15 7.750828424113249682e-01
2.223841168116794250e+15 7.605695808536040436e-01
2.236692431574010500e+15 7.462714069681216644e-01
2.249617960664408500e+15 7.321861069259087973e-01
2.262618184558575500e+15 7.183114769716575365e-01
2.275693534907213000e+15 7.046453234780923891e-01
2.288844445855472000e+15 6.911854630007288058e-01
2.302071354057366000e+15 6.779297223330026378e-01
2.315374698690272000e+15 6.648759385617285522e-01
2.328754921469509000e+15 6.520219591228765266e-01
2.342212466663007000e+15 6.393656418576212364e-01
2.355747781106058000e+15 6.269048550686435739e-01
2.369361314216151000e+15 6.146374775766604293e-01
2.383053518007896000e+15 6.025613987771396562e-01
2.396824847108031000e+15 5.906745186971865680e-01
2.410675758770517500e+15 5.789747480525591072e-01
2.424606712891724000e+15 5.674600083047908194e-01
2.438618172025692500e+15 5.561282317183882107e-01
2.452710601399502500e+15 5.449773614180687398e-01
2.466884468928713000e+15 5.340053514460161299e-01
2.481140245232901500e+15 5.232101668191180277e-01
2.495478403651288500e+15 5.125897835861541463e-01
2.509899420258456500e+15 5.021421888849065818e-01
2.524403773880154000e+15 4.918653809991607728e-01
2.538991946109197000e+15 4.817573694155642960e-01
2.553664421321458000e+15 4.718161748803135769e-01
2.568421686691949000e+15 4.620398294556365415e-01
2.583264232210996500e+15 4.524263765760410672e-01
2.598192550700513500e+15 4.429738711042918720e-01
2.613207137830359500e+15 4.336803793870949164e-01
2.628308492134801500e+15 4.245439793104439086e-01
2.643497115029064000e+15 4.155627603546118709e-01
2.658773510825981000e+15 4.067348236487400293e-01
2.674138186752736000e+15 3.980582820250093135e-01
2.689591652967710500e+15 3.895312600723444540e-01
2.705134422577415500e+15 3.811518941896371304e-01
2.720767011653535000e+15 3.729183326384388764e-01
2.736489939250055500e+15 3.648287355951081445e-01
2.752303727420505000e+15 3.568812752023656776e-01
2.768208901235284000e+15 3.490741356202371470e-01
2.784205988799101000e+15 3.414055130763443135e-01
2.800295521268506500e+15 3.338736159155193950e-01
2.816478032869530500e+15 3.264766646487043955e-01
2.832754060915418000e+15 3.192128920011118587e-01
2.849124145824472000e+15 3.120805429596081315e-01
2.865588831137997500e+15 3.050778748192947143e-01
2.882148663538346500e+15 2.982031572292547228e-01
2.898804192867071500e+15 2.914546722374314891e-01
2.915555972143181000e+15 2.848307143346132664e-01
2.932404557581502000e+15 2.783295904974915635e-01
2.949350508611149500e+15 2.719496202307616906e-01
2.966394387894098500e+15 2.656891356082418665e-01
2.983536761343870500e+15 2.595464813129735870e-01
3.000778198144318000e+15 2.535200146762818241e-01
3.018119270768528500e+15 2.476081057157609733e-01
3.035560554997830500e+15 2.418091371721608485e-01
3.053102629940910000e+15 2.361215045451452443e-01
3.070746078053041000e+15 2.305436161278930363e-01
3.088491485155424500e+15 2.250738930405166427e-01
3.106339440454639000e+15 2.197107692622708164e-01
3.124290536562203500e+15 2.144526916625255075e-01
3.142345369514257000e+15 2.092981200304740164e-01
3.160504538791346000e+15 2.042455271035562014e-01
3.178768647338329000e+15 1.992933985945678776e-01
3.197138301584399500e+15 1.944402332174306469e-01
3.215614111463219000e+15 1.896845427116037319e-01
3.234196690433169000e+15 1.850248518651082807e-01
3.252886655497719500e+15 1.804596985361444361e-01
3.271684627225918500e+15 1.759876336732776880e-01
3.290591229772992000e+15 1.716072213341733321e-01
3.309607090901072500e+15 1.673170387028563300e-01
3.328732842000040500e+15 1.631156761054774751e-01
3.347969118108489500e+15 1.590017370245643547e-01
3.367316557934810500e+15 1.549738381117387875e-01
3.386775803878401500e+15 1.510306091988806443e-01
3.406347502050993000e+15 1.471706933077218116e-01
3.426032302298107000e+15 1.433927466578490961e-01
3.445830858220628500e+15 1.396954386731045217e-01
3.465743827196510000e+15 1.360774519863613141e-01
3.485771870402599000e+15 1.325374824426645837e-01
3.505915652836590000e+15 1.290742391007186352e-01
3.526175843339105000e+15 1.256864442327098041e-01
3.546553114615900500e+15 1.223728333224488735e-01
3.567048143260206000e+15 1.191321550618222869e-01
3.587661609775186500e+15 1.159631713455399893e-01
3.608394198596538500e+15 1.128646572641692214e-01
3.629246598115216000e+15 1.098354010954428056e-01
3.650219500700287000e+15 1.068742042938343600e-01
3.671313602721922000e+15 1.039798814783910591e-01
3.692529604574516000e+15 1.011512604188155168e-01
3.713868210699944500e+15 9.838718201979097799e-02
3.735330129610952500e+15 9.568650030354364233e-02
3.756916073914681500e+15 9.304808239063558362e-02
3.778626760336326000e+15 9.047080847898618383e-02
3.800462909742936000e+15 8.795357182111591954e-02
3.822425247167350500e+15 8.549527869961194571e-02
3.844514501832269000e+15 8.309484840081293733e-02
3.866731407174467500e+15 8.075121318671146797e-02
3.889076700869148000e+15 7.846331826507585427e-02
3.911551124854433500e+15 7.623012175778985655e-02
3.934155425356003500e+15 7.405059466741421847e-02
3.956890352911869000e+15 7.192372084197108661e-02
3.979756662397294000e+15 6.984849693795577852e-02
4.002755113049859500e+15 6.782393238157982673e-02
4.025886468494675000e+15 6.584904932825061397e-02
4.049151496769729500e+15 6.392288262029419132e-02
4.072550970351394000e+15 6.204447974292830181e-02
4.096085666180075000e+15 6.021290077849212469e-02
4.119756365686004000e+15 5.842721835894525845e-02
4.143563854815189000e+15 5.668651761664095928e-02
4.167508924055507500e+15 5.498989613338838706e-02
4.191592368462956000e+15 5.333646388781278225e-02
4.215814987688047000e+15 5.172534320102745165e-02
4.240177586002358500e+15 5.015566868063042055e-02
4.264680972325242500e+15 4.862658716303931011e-02
4.289325960250679500e+15 4.713725765418057961e-02
4.314113368074295500e+15 4.568685126854830220e-02
4.339044018820531500e+15 4.427455116664923140e-02
4.364118740269969000e+15 4.289955249085235234e-02
4.389338364986817500e+15 4.156106229966017446e-02
4.414703730346557000e+15 4.025829950042230515e-02
4.440215678563741000e+15 3.899049478051058726e-02
4.465875056719963500e+15 3.775689053697654785e-02
4.491682716791981500e+15 3.655674080471345982e-02
4.517639515680007000e+15 3.538931118314463803e-02
4.543746315236154000e+15 3.425387876146206156e-02
4.570003982293061000e+15 3.314973204243798488e-02
4.596413388692669000e+15 3.207617086483567637e-02
4.622975411315169000e+15 3.103250632444361570e-02
4.649690932108120000e+15 3.001806069375953859e-02
4.676560838115729000e+15 2.903216734035135235e-02
4.703586021508308000e+15 2.807417064392210906e-02
4.730767379611896000e+15 2.714342591210711780e-02
